文件中的对象列表: ['info', 'matrix']
/
 //matrix
   Dataset: /matrix
     Shape: (200, 201, 201, 4)
     Data Type: float32
     First 24 elements:
       [[[2.92250000e+02 2.52389999e+02 1.29000023e-01 0.00000000e+00]
  [2.92250000e+02 2.52389999e+02 1.29000023e-01 0.00000000e+00]
  [2.94220001e+02 2.52169998e+02 5.30000255e-02 0.00000000e+00]
  ...
  [2.87169983e+02 2.44729996e+02 2.13000014e-01 0.00000000e+00]
  [2.85600006e+02 2.44729996e+02 3.34000021e-01 0.00000000e+00]
  [2.89750000e+02 2.45000000e+02 1.35000020e-01 0.00000000e+00]]

 [[2.92750000e+02 2.52389999e+02 1.68000028e-01 0.00000000e+00]
  [2.92750000e+02 2.52389999e+02 1.68000028e-01 0.00000000e+00]
  [2.91250000e+02 2.52169998e+02 7.80000240e-02 0.00000000e+00]
  ...
  [2.89230011e+02 2.44449997e+02 9.70000252e-02 0.00000000e+00]
  [2.91250000e+02 2.44449997e+02 7.10000247e-02 0.00000000e+00]
  [2.91250000e+02 2.44729996e+02 9.70000252e-02 0.00000000e+00]]

 [[2.92750000e+02 2.51709991e+02 1.03000022e-01 0.00000000e+00]
  [2.92750000e+02 2.51709991e+02 1.03000022e-01 0.00000000e+00]
  [2.91250000e+02 2.51940002e+02 1.23000026e-01 0.00000000e+00]
  ...
  [2.94709991e+02 2.44449997e+02 2.70000249e-02 0.00000000e+00]
  [2.93730011e+02 2.44729996e+02 6.50000200e-02 0.00000000e+00]
  [2.88209991e+02 2.45000000e+02 1.74000025e-01 0.00000000e+00]]

 ...

 [[2.88209991e+02 2.45270004e+02 1.79000020e-01 0.00000000e+00]
  [2.94709991e+02 2.45809998e+02 5.30000255e-02 0.00000000e+00]
  [2.93730011e+02 2.45809998e+02 5.80000244e-02 0.00000000e+00]
  ...
  [2.43229996e+02 2.33139999e+02 4.18000013e-01 0.00000000e+00]
  [2.43229996e+02 2.31569992e+02 3.34000021e-01 0.00000000e+00]
  [2.56040009e+02 2.32369995e+02 1.92000017e-01 0.00000000e+00]]

 [[2.93730011e+02 2.45539993e+02 5.30000255e-02 0.00000000e+00]
  [2.94709991e+02 2.45270004e+02 4.50000241e-02 0.00000000e+00]
  [2.92750000e+02 2.45539993e+02 1.68000028e-01 0.00000000e+00]
  ...
  [2.61709991e+02 2.35720001e+02 3.73000026e-01 0.00000000e+00]
  [2.46639999e+02 2.33529999e+02 3.79000008e-01 0.00000000e+00]
  [2.53039993e+02 2.32369995e+02 2.50000030e-01 0.00000000e+00]]

 [[2.89230011e+02 2.45809998e+02 1.16000019e-01 0.00000000e+00]
  [2.88209991e+02 2.45539993e+02 4.18000013e-01 0.00000000e+00]
  [2.90250000e+02 2.45270004e+02 2.31000021e-01 0.00000000e+00]
  ...
  [2.63079987e+02 2.37110001e+02 3.79000008e-01 0.00000000e+00]
  [2.62399994e+02 2.35720001e+02 3.15000027e-01 0.00000000e+00]
  [2.48300003e+02 2.33899994e+02 3.15000027e-01 0.00000000e+00]]]
       [[[2.7501001e+02 2.4128000e+02 4.0000025e-02 0.0000000e+00]
  [2.8238000e+02 2.4389999e+02 2.7000025e-02 0.0000000e+00]
  [2.8612000e+02 2.4737000e+02 2.7000025e-02 0.0000000e+00]
  ...
  [2.9275000e+02 2.4333000e+02 2.5262125e-08 0.0000000e+00]
  [2.9567999e+02 2.4417999e+02 2.5262125e-08 0.0000000e+00]
  [2.9567999e+02 2.4417999e+02 2.5262125e-08 0.0000000e+00]]

 [[2.7619000e+02 2.4417999e+02 4.0000025e-02 0.0000000e+00]
  [2.7619000e+02 2.4417999e+02 4.0000025e-02 0.0000000e+00]
  [2.7962000e+02 2.4500000e+02 4.0000025e-02 0.0000000e+00]
  ...
  [2.9470999e+02 2.4361000e+02 2.5262125e-08 0.0000000e+00]
  [2.9373001e+02 2.4303999e+02 2.5262125e-08 0.0000000e+00]
  [2.9422000e+02 2.4333000e+02 2.5262125e-08 0.0000000e+00]]

 [[2.8612000e+02 2.4553999e+02 2.1000024e-02 0.0000000e+00]
  [2.8454001e+02 2.4634000e+02 2.7000025e-02 0.0000000e+00]
  [2.8454001e+02 2.4634000e+02 2.7000025e-02 0.0000000e+00]
  ...
  [2.8182999e+02 2.3812000e+02 2.5262125e-08 0.0000000e+00]
  [2.8664999e+02 2.4005000e+02 2.5262125e-08 0.0000000e+00]
  [2.9125000e+02 2.4217000e+02 2.5262125e-08 0.0000000e+00]]

 ...

 [[2.9373001e+02 2.4553999e+02 1.4000025e-02 0.0000000e+00]
  [2.9373001e+02 2.4553999e+02 1.4000025e-02 0.0000000e+00]
  [2.9373001e+02 2.4553999e+02 2.7000025e-02 0.0000000e+00]
  ...
  [2.7962000e+02 2.3812000e+02 1.0000252e-03 0.0000000e+00]
  [2.7382999e+02 2.3812000e+02 1.0000252e-03 0.0000000e+00]
  [2.7382999e+02 2.3812000e+02 1.0000252e-03 0.0000000e+00]]

 [[2.8769000e+02 2.4553999e+02 5.3000025e-02 0.0000000e+00]
  [2.8769000e+02 2.4553999e+02 5.3000025e-02 0.0000000e+00]
  [2.9422000e+02 2.4553999e+02 1.4000025e-02 0.0000000e+00]
  ...
  [2.7323999e+02 2.3778999e+02 1.0000252e-03 0.0000000e+00]
  [2.7263000e+02 2.3878000e+02 1.0000252e-03 0.0000000e+00]
  [2.7263000e+02 2.3878000e+02 1.0000252e-03 0.0000000e+00]]

 [[2.8716998e+02 2.4581000e+02 6.5000020e-02 0.0000000e+00]
  [2.9125000e+02 2.4581000e+02 2.7000025e-02 0.0000000e+00]
  [2.9125000e+02 2.4581000e+02 2.7000025e-02 0.0000000e+00]
  ...
  [2.7442999e+02 2.3812000e+02 1.0000252e-03 0.0000000e+00]
  [2.7442999e+02 2.3812000e+02 1.0000252e-03 0.0000000e+00]
  [2.7079999e+02 2.3878000e+02 1.0000252e-03 0.0000000e+00]]]
       [[[2.8400000e+02 2.4838000e+02 2.0000252e-03 0.0000000e+00]
  [2.8454001e+02 2.4961000e+02 2.0000252e-03 0.0000000e+00]
  [2.9076001e+02 2.4985001e+02 2.0000252e-03 0.0000000e+00]
  ...
  [2.8612000e+02 2.4158000e+02 2.5262125e-08 0.0000000e+00]
  [2.8612000e+02 2.4158000e+02 2.5262125e-08 0.0000000e+00]
  [2.8975000e+02 2.4275999e+02 2.5262125e-08 0.0000000e+00]]

 [[2.8400000e+02 2.4912000e+02 2.5262125e-08 0.0000000e+00]
  [2.8400000e+02 2.4936000e+02 2.5262125e-08 0.0000000e+00]
  [2.8507001e+02 2.4961000e+02 2.5262125e-08 0.0000000e+00]
  ...
  [2.8975000e+02 2.4247000e+02 2.0000252e-03 0.0000000e+00]
  [2.8975000e+02 2.4247000e+02 2.0000252e-03 0.0000000e+00]
  [2.8612000e+02 2.4303999e+02 3.0000252e-03 0.0000000e+00]]

 [[2.8560001e+02 2.4863000e+02 2.5262125e-08 0.0000000e+00]
  [2.8400000e+02 2.4863000e+02 2.5262125e-08 0.0000000e+00]
  [2.8612000e+02 2.4936000e+02 2.5262125e-08 0.0000000e+00]
  ...
  [2.9076001e+02 2.4217000e+02 2.5262125e-08 0.0000000e+00]
  [2.9076001e+02 2.4217000e+02 2.5262125e-08 0.0000000e+00]
  [2.8182999e+02 2.4128000e+02 2.5262125e-08 0.0000000e+00]]

 ...

 [[2.8238000e+02 2.4389999e+02 2.0000252e-03 0.0000000e+00]
  [2.7791000e+02 2.4247000e+02 2.5262125e-08 0.0000000e+00]
  [2.8347000e+02 2.4417999e+02 2.5262125e-08 0.0000000e+00]
  ...
  [2.8560001e+02 2.3973000e+02 3.0000252e-03 0.0000000e+00]
  [2.7962000e+02 2.4005000e+02 3.0000252e-03 0.0000000e+00]
  [2.7382999e+02 2.4005000e+02 3.0000252e-03 0.0000000e+00]]

 [[2.8238000e+02 2.4389999e+02 3.0000252e-03 0.0000000e+00]
  [2.8129001e+02 2.4361000e+02 3.0000252e-03 0.0000000e+00]
  [2.8182999e+02 2.4333000e+02 5.0000250e-03 0.0000000e+00]
  ...
  [2.8560001e+02 2.3973000e+02 2.0000252e-03 0.0000000e+00]
  [2.8560001e+02 2.4036000e+02 2.0000252e-03 0.0000000e+00]
  [2.8347000e+02 2.4005000e+02 2.0000252e-03 0.0000000e+00]]

 [[2.8291998e+02 2.4389999e+02 3.0000252e-03 0.0000000e+00]
  [2.8129001e+02 2.4361000e+02 3.0000252e-03 0.0000000e+00]
  [2.8182999e+02 2.4333000e+02 3.0000252e-03 0.0000000e+00]
  ...
  [2.8612000e+02 2.3942000e+02 2.5262125e-08 0.0000000e+00]
  [2.8923001e+02 2.4036000e+02 2.0000252e-03 0.0000000e+00]
  [2.8664999e+02 2.4005000e+02 2.0000252e-03 0.0000000e+00]]]
       [[[2.8238000e+02 2.4303999e+02 3.0000252e-03 0.0000000e+00]
  [2.8347000e+02 2.4303999e+02 2.0000252e-03 0.0000000e+00]
  [2.8347000e+02 2.4303999e+02 2.0000252e-03 0.0000000e+00]
  ...
  [2.9422000e+02 2.4333000e+02 2.5262125e-08 0.0000000e+00]
  [2.9275000e+02 2.4333000e+02 2.5262125e-08 0.0000000e+00]
  [2.9275000e+02 2.4333000e+02 2.5262125e-08 0.0000000e+00]]

 [[2.8238000e+02 2.4303999e+02 2.5262125e-08 0.0000000e+00]
  [2.8347000e+02 2.4303999e+02 2.5262125e-08 0.0000000e+00]
  [2.8347000e+02 2.4303999e+02 2.5262125e-08 0.0000000e+00]
  ...
  [2.9470999e+02 2.4303999e+02 2.5262125e-08 0.0000000e+00]
  [2.9422000e+02 2.4303999e+02 2.5262125e-08 0.0000000e+00]
  [2.9422000e+02 2.4303999e+02 2.5262125e-08 0.0000000e+00]]

 [[2.8238000e+02 2.4158000e+02 2.5262125e-08 0.0000000e+00]
  [2.8073001e+02 2.4158000e+02 2.5262125e-08 0.0000000e+00]
  [2.8073001e+02 2.4158000e+02 2.5262125e-08 0.0000000e+00]
  ...
  [2.9422000e+02 2.4275999e+02 2.5262125e-08 0.0000000e+00]
  [2.9422000e+02 2.4303999e+02 2.5262125e-08 0.0000000e+00]
  [2.9422000e+02 2.4303999e+02 2.5262125e-08 0.0000000e+00]]

 ...

 [[2.8454001e+02 2.4445000e+02 2.5262125e-08 0.0000000e+00]
  [2.8454001e+02 2.4445000e+02 2.0000252e-03 0.0000000e+00]
  [2.8820999e+02 2.4500000e+02 2.0000252e-03 0.0000000e+00]
  ...
  [2.8716998e+02 2.4303999e+02 2.5262125e-08 0.0000000e+00]
  [2.8716998e+02 2.4303999e+02 2.5262125e-08 0.0000000e+00]
  [2.8820999e+02 2.4275999e+02 2.5262125e-08 0.0000000e+00]]

 [[2.8454001e+02 2.4445000e+02 2.5262125e-08 0.0000000e+00]
  [2.8454001e+02 2.4445000e+02 2.5262125e-08 0.0000000e+00]
  [2.8820999e+02 2.4500000e+02 2.0000252e-03 0.0000000e+00]
  ...
  [2.8664999e+02 2.4333000e+02 2.5262125e-08 0.0000000e+00]
  [2.8716998e+02 2.4275999e+02 2.5262125e-08 0.0000000e+00]
  [2.8820999e+02 2.4247000e+02 2.5262125e-08 0.0000000e+00]]

 [[2.8400000e+02 2.4473000e+02 2.0000252e-03 0.0000000e+00]
  [2.8400000e+02 2.4473000e+02 2.0000252e-03 0.0000000e+00]
  [2.8872000e+02 2.4527000e+02 2.0000252e-03 0.0000000e+00]
  ...
  [2.7848999e+02 2.4217000e+02 2.5262125e-08 0.0000000e+00]
  [2.8769000e+02 2.4275999e+02 2.5262125e-08 0.0000000e+00]
  [2.8769000e+02 2.4217000e+02 2.5262125e-08 0.0000000e+00]]]
       [[[2.9422000e+02 2.4686000e+02 2.5262125e-08 0.0000000e+00]
  [2.9373001e+02 2.4686000e+02 2.5262125e-08 0.0000000e+00]
  [2.9373001e+02 2.4686000e+02 2.5262125e-08 0.0000000e+00]
  ...
  [2.9470999e+02 2.4389999e+02 2.5262125e-08 0.0000000e+00]
  [2.9470999e+02 2.4417999e+02 2.5262125e-08 0.0000000e+00]
  [2.9422000e+02 2.4445000e+02 2.5262125e-08 0.0000000e+00]]

 [[2.9323999e+02 2.4634000e+02 2.5262125e-08 0.0000000e+00]
  [2.9323999e+02 2.4634000e+02 2.5262125e-08 0.0000000e+00]
  [2.9275000e+02 2.4686000e+02 2.5262125e-08 0.0000000e+00]
  ...
  [2.9422000e+02 2.4333000e+02 2.5262125e-08 0.0000000e+00]
  [2.9422000e+02 2.4389999e+02 2.5262125e-08 0.0000000e+00]
  [2.9373001e+02 2.4417999e+02 2.5262125e-08 0.0000000e+00]]

 [[2.9323999e+02 2.4634000e+02 2.5262125e-08 0.0000000e+00]
  [2.9323999e+02 2.4634000e+02 2.5262125e-08 0.0000000e+00]
  [2.9275000e+02 2.4686000e+02 2.5262125e-08 0.0000000e+00]
  ...
  [2.9422000e+02 2.4417999e+02 2.5262125e-08 0.0000000e+00]
  [2.9470999e+02 2.4417999e+02 2.5262125e-08 0.0000000e+00]
  [2.9422000e+02 2.4473000e+02 2.5262125e-08 0.0000000e+00]]

 ...

 [[2.9076001e+02 2.4417999e+02 2.5262125e-08 0.0000000e+00]
  [2.9076001e+02 2.4417999e+02 2.5262125e-08 0.0000000e+00]
  [2.8769000e+02 2.4473000e+02 2.5262125e-08 0.0000000e+00]
  ...
  [2.8769000e+02 2.4500000e+02 2.5262125e-08 0.0000000e+00]
  [2.8975000e+02 2.4473000e+02 2.5262125e-08 0.0000000e+00]
  [2.8560001e+02 2.4500000e+02 2.5262125e-08 0.0000000e+00]]

 [[2.9076001e+02 2.4417999e+02 2.5262125e-08 0.0000000e+00]
  [2.9076001e+02 2.4417999e+02 2.5262125e-08 0.0000000e+00]
  [2.8769000e+02 2.4473000e+02 2.5262125e-08 0.0000000e+00]
  ...
  [2.8769000e+02 2.4500000e+02 2.5262125e-08 0.0000000e+00]
  [2.8975000e+02 2.4473000e+02 2.5262125e-08 0.0000000e+00]
  [2.8560001e+02 2.4500000e+02 2.5262125e-08 0.0000000e+00]]

 [[2.9275000e+02 2.4417999e+02 2.5262125e-08 0.0000000e+00]
  [2.8872000e+02 2.4500000e+02 2.5262125e-08 0.0000000e+00]
  [2.8872000e+02 2.4500000e+02 2.5262125e-08 0.0000000e+00]
  ...
  [2.8560001e+02 2.4527000e+02 2.5262125e-08 0.0000000e+00]
  [2.8664999e+02 2.4500000e+02 2.5262125e-08 0.0000000e+00]
  [2.8769000e+02 2.4500000e+02 2.5262125e-08 0.0000000e+00]]]
       [[[2.8975000e+02 2.4527000e+02 2.5262125e-08 0.0000000e+00]
  [2.8975000e+02 2.4527000e+02 2.5262125e-08 0.0000000e+00]
  [2.8820999e+02 2.4581000e+02 2.5262125e-08 0.0000000e+00]
  ...
  [2.9422000e+02 2.4527000e+02 1.0000252e-03 0.0000000e+00]
  [2.9470999e+02 2.4553999e+02 1.0000252e-03 0.0000000e+00]
  [2.9470999e+02 2.4553999e+02 1.0000252e-03 0.0000000e+00]]

 [[2.8820999e+02 2.4527000e+02 2.5262125e-08 0.0000000e+00]
  [2.8820999e+02 2.4527000e+02 2.5262125e-08 0.0000000e+00]
  [2.8769000e+02 2.4527000e+02 2.5262125e-08 0.0000000e+00]
  ...
  [2.9422000e+02 2.4473000e+02 1.0000252e-03 0.0000000e+00]
  [2.9470999e+02 2.4527000e+02 1.0000252e-03 0.0000000e+00]
  [2.9470999e+02 2.4527000e+02 1.0000252e-03 0.0000000e+00]]

 [[2.8872000e+02 2.4553999e+02 2.5262125e-08 0.0000000e+00]
  [2.8872000e+02 2.4553999e+02 2.5262125e-08 0.0000000e+00]
  [2.8612000e+02 2.4473000e+02 2.5262125e-08 0.0000000e+00]
  ...
  [2.9422000e+02 2.4473000e+02 1.0000252e-03 0.0000000e+00]
  [2.9470999e+02 2.4527000e+02 1.0000252e-03 0.0000000e+00]
  [2.9470999e+02 2.4527000e+02 1.0000252e-03 0.0000000e+00]]

 ...

 [[2.8238000e+02 2.4247000e+02 2.5262125e-08 0.0000000e+00]
  [2.8347000e+02 2.4247000e+02 2.5262125e-08 0.0000000e+00]
  [2.8507001e+02 2.4247000e+02 2.5262125e-08 0.0000000e+00]
  ...
  [2.6638000e+02 2.4686000e+02 4.0000025e-02 0.0000000e+00]
  [2.6638000e+02 2.4686000e+02 5.3000025e-02 0.0000000e+00]
  [2.7263000e+02 2.4660001e+02 4.0000025e-02 0.0000000e+00]]

 [[2.8347000e+02 2.4247000e+02 2.5262125e-08 0.0000000e+00]
  [2.8347000e+02 2.4247000e+02 2.5262125e-08 0.0000000e+00]
  [2.8560001e+02 2.4303999e+02 2.5262125e-08 0.0000000e+00]
  ...
  [2.6766000e+02 2.4686000e+02 3.2000024e-02 0.0000000e+00]
  [2.6829999e+02 2.4686000e+02 3.2000024e-02 0.0000000e+00]
  [2.6829999e+02 2.4686000e+02 5.3000025e-02 0.0000000e+00]]

 [[2.8612000e+02 2.4333000e+02 2.5262125e-08 0.0000000e+00]
  [2.8454001e+02 2.4275999e+02 2.5262125e-08 0.0000000e+00]
  [2.8560001e+02 2.4303999e+02 2.5262125e-08 0.0000000e+00]
  ...
  [2.6766000e+02 2.4686000e+02 3.2000024e-02 0.0000000e+00]
  [2.6829999e+02 2.4686000e+02 3.2000024e-02 0.0000000e+00]
  [2.6829999e+02 2.4686000e+02 5.3000025e-02 0.0000000e+00]]]
       [[[2.90760010e+02 2.45809998e+02 2.70000249e-02 0.00000000e+00]
  [2.90760010e+02 2.45809998e+02 2.70000249e-02 0.00000000e+00]
  [2.86119995e+02 2.44449997e+02 5.30000255e-02 0.00000000e+00]
  ...
  [2.93239990e+02 2.46080002e+02 5.30000255e-02 0.00000000e+00]
  [2.89750000e+02 2.46080002e+02 1.23000026e-01 0.00000000e+00]
  [2.93239990e+02 2.46080002e+02 7.10000247e-02 0.00000000e+00]]

 [[2.90760010e+02 2.45539993e+02 2.70000249e-02 0.00000000e+00]
  [2.90760010e+02 2.45539993e+02 2.70000249e-02 0.00000000e+00]
  [2.87169983e+02 2.44449997e+02 3.20000239e-02 0.00000000e+00]
  ...
  [2.88720001e+02 2.45809998e+02 1.68000028e-01 0.00000000e+00]
  [2.92750000e+02 2.45809998e+02 6.50000200e-02 0.00000000e+00]
  [2.93239990e+02 2.45809998e+02 4.50000241e-02 0.00000000e+00]]

 [[2.82380005e+02 2.40970001e+02 4.00000252e-02 0.00000000e+00]
  [2.75010010e+02 2.38119995e+02 6.50000200e-02 0.00000000e+00]
  [2.75010010e+02 2.38119995e+02 6.50000200e-02 0.00000000e+00]
  ...
  [2.87169983e+02 2.45539993e+02 1.42000020e-01 0.00000000e+00]
  [2.90250000e+02 2.46080002e+02 8.40000212e-02 0.00000000e+00]
  [2.90250000e+02 2.45809998e+02 9.70000252e-02 0.00000000e+00]]

 ...

 [[2.68929993e+02 2.35369995e+02 2.26000026e-01 0.00000000e+00]
  [2.67029999e+02 2.34639999e+02 2.26000026e-01 0.00000000e+00]
  [2.67029999e+02 2.34639999e+02 2.26000026e-01 0.00000000e+00]
  ...
  [2.89230011e+02 2.48630005e+02 4.18000013e-01 0.00000000e+00]
  [2.89230011e+02 2.48630005e+02 3.27000022e-01 0.00000000e+00]
  [2.89230011e+02 2.48630005e+02 3.27000022e-01 0.00000000e+00]]

 [[2.67029999e+02 2.34639999e+02 2.44000018e-01 0.00000000e+00]
  [2.78489990e+02 2.38779999e+02 2.31000021e-01 0.00000000e+00]
  [2.78489990e+02 2.38779999e+02 2.31000021e-01 0.00000000e+00]
  ...
  [2.89230011e+02 2.48380005e+02 3.66000026e-01 0.00000000e+00]
  [2.89230011e+02 2.48380005e+02 3.66000026e-01 0.00000000e+00]
  [2.89230011e+02 2.48380005e+02 3.66000026e-01 0.00000000e+00]]

 [[2.68299988e+02 2.36080002e+02 2.50000030e-01 0.00000000e+00]
  [2.81829987e+02 2.40050003e+02 2.00000018e-01 0.00000000e+00]
  [2.73239990e+02 2.37110001e+02 2.18000025e-01 0.00000000e+00]
  ...
  [2.89230011e+02 2.48380005e+02 3.53000015e-01 0.00000000e+00]
  [2.88209991e+02 2.48380005e+02 3.79000008e-01 0.00000000e+00]
  [2.88209991e+02 2.48380005e+02 3.79000008e-01 0.00000000e+00]]]
       [[[2.93730011e+02 2.48130005e+02 5.30000255e-02 0.00000000e+00]
  [2.93730011e+02 2.48130005e+02 5.30000255e-02 0.00000000e+00]
  [2.91250000e+02 2.46339996e+02 5.30000255e-02 0.00000000e+00]
  ...
  [2.92750000e+02 2.46860001e+02 1.42000020e-01 0.00000000e+00]
  [2.92750000e+02 2.46860001e+02 1.29000023e-01 0.00000000e+00]
  [2.94220001e+02 2.46860001e+02 1.16000019e-01 0.00000000e+00]]

 [[2.93730011e+02 2.47880005e+02 4.00000252e-02 0.00000000e+00]
  [2.93730011e+02 2.47880005e+02 4.00000252e-02 0.00000000e+00]
  [2.90250000e+02 2.46339996e+02 8.40000212e-02 0.00000000e+00]
  ...
  [2.89750000e+02 2.46600006e+02 4.75000024e-01 0.00000000e+00]
  [2.92250000e+02 2.46860001e+02 1.68000028e-01 0.00000000e+00]
  [2.93730011e+02 2.46600006e+02 1.23000026e-01 0.00000000e+00]]

 [[2.91760010e+02 2.46339996e+02 5.80000244e-02 0.00000000e+00]
  [2.91760010e+02 2.46339996e+02 5.80000244e-02 0.00000000e+00]
  [2.90250000e+02 2.45539993e+02 5.30000255e-02 0.00000000e+00]
  ...
  [2.91760010e+02 2.46339996e+02 1.35000020e-01 0.00000000e+00]
  [2.91760010e+02 2.46339996e+02 1.42000020e-01 0.00000000e+00]
  [2.90760010e+02 2.46080002e+02 2.44000018e-01 0.00000000e+00]]

 ...

 [[2.83529999e+02 2.40050003e+02 2.18000025e-01 0.00000000e+00]
  [2.87690002e+02 2.40669998e+02 2.00000018e-01 0.00000000e+00]
  [2.85070007e+02 2.41279999e+02 4.36000019e-01 0.00000000e+00]
  ...
  [2.90250000e+02 2.48130005e+02 1.55000016e-01 0.00000000e+00]
  [2.85600006e+02 2.47880005e+02 2.82000005e-01 0.00000000e+00]
  [2.85600006e+02 2.47880005e+02 2.82000005e-01 0.00000000e+00]]

 [[2.89269989e+02 2.40970001e+02 1.03000022e-01 0.00000000e+00]
  [2.85119995e+02 2.40669998e+02 2.37000018e-01 0.00000000e+00]
  [2.86649994e+02 2.41580002e+02 2.95000017e-01 0.00000000e+00]
  ...
  [2.91250000e+02 2.47880005e+02 1.10000022e-01 0.00000000e+00]
  [2.87169983e+02 2.48130005e+02 2.95000017e-01 0.00000000e+00]
  [2.87169983e+02 2.48130005e+02 2.95000017e-01 0.00000000e+00]]

 [[2.88260010e+02 2.40970001e+02 1.16000019e-01 0.00000000e+00]
  [2.86700012e+02 2.40360001e+02 1.29000023e-01 0.00000000e+00]
  [2.87730011e+02 2.41580002e+02 1.87000021e-01 0.00000000e+00]
  ...
  [2.90250000e+02 2.48130005e+02 9.70000252e-02 0.00000000e+00]
  [2.91250000e+02 2.47880005e+02 9.00000259e-02 0.00000000e+00]
  [2.91250000e+02 2.47880005e+02 9.00000259e-02 0.00000000e+00]]]
       [[[2.53789993e+02 2.33139999e+02 1.87000021e-01 0.00000000e+00]
  [2.55300003e+02 2.33139999e+02 1.68000028e-01 0.00000000e+00]
  [2.63079987e+02 2.34270004e+02 1.55000016e-01 0.00000000e+00]
  ...
  [2.91250000e+02 2.45000000e+02 4.00000252e-02 0.00000000e+00]
  [2.88720001e+02 2.45000000e+02 1.42000020e-01 0.00000000e+00]
  [2.91760010e+02 2.45270004e+02 4.50000241e-02 0.00000000e+00]]

 [[2.74429993e+02 2.39419998e+02 1.23000026e-01 0.00000000e+00]
  [2.68929993e+02 2.36770004e+02 1.42000020e-01 0.00000000e+00]
  [2.61709991e+02 2.33139999e+02 1.55000016e-01 0.00000000e+00]
  ...
  [2.91760010e+02 2.45539993e+02 5.30000255e-02 0.00000000e+00]
  [2.91250000e+02 2.45539993e+02 5.80000244e-02 0.00000000e+00]
  [2.92250000e+02 2.45539993e+02 5.30000255e-02 0.00000000e+00]]

 [[2.81829987e+02 2.43899994e+02 1.10000022e-01 0.00000000e+00]
  [2.68929993e+02 2.38449997e+02 1.48000017e-01 0.00000000e+00]
  [2.57489990e+02 2.32759995e+02 1.79000020e-01 0.00000000e+00]
  ...
  [2.87690002e+02 2.45539993e+02 1.03000022e-01 0.00000000e+00]
  [2.88209991e+02 2.45270004e+02 1.10000022e-01 0.00000000e+00]
  [2.88209991e+02 2.44729996e+02 8.40000212e-02 0.00000000e+00]]

 ...

 [[2.75730011e+02 2.37449997e+02 2.76000023e-01 0.00000000e+00]
  [2.85649994e+02 2.39729996e+02 1.42000020e-01 0.00000000e+00]
  [2.89269989e+02 2.39729996e+02 6.50000200e-02 0.00000000e+00]
  ...
  [2.77910004e+02 2.48130005e+02 1.55000016e-01 0.00000000e+00]
  [2.77910004e+02 2.48130005e+02 1.55000016e-01 0.00000000e+00]
  [2.72630005e+02 2.47880005e+02 2.00000018e-01 0.00000000e+00]]

 [[2.81899994e+02 2.37110001e+02 1.10000022e-01 0.00000000e+00]
  [2.85649994e+02 2.38779999e+02 1.03000022e-01 0.00000000e+00]
  [2.86700012e+02 2.38779999e+02 6.50000200e-02 0.00000000e+00]
  ...
  [2.77910004e+02 2.48130005e+02 1.55000016e-01 0.00000000e+00]
  [2.77910004e+02 2.48130005e+02 1.55000016e-01 0.00000000e+00]
  [2.72630005e+02 2.47880005e+02 2.00000018e-01 0.00000000e+00]]

 [[2.82440002e+02 2.36770004e+02 8.40000212e-02 0.00000000e+00]
  [2.86169983e+02 2.38119995e+02 7.80000240e-02 0.00000000e+00]
  [2.87220001e+02 2.38119995e+02 6.50000200e-02 0.00000000e+00]
  ...
  [2.72019989e+02 2.48380005e+02 2.18000025e-01 0.00000000e+00]
  [2.72019989e+02 2.48380005e+02 2.18000025e-01 0.00000000e+00]
  [2.72630005e+02 2.48380005e+02 1.68000028e-01 0.00000000e+00]]]
       [[[2.7560999e+02 2.4005000e+02 4.0000025e-02 0.0000000e+00]
  [2.8129001e+02 2.4303999e+02 3.2000024e-02 0.0000000e+00]
  [2.8454001e+02 2.4417999e+02 2.7000025e-02 0.0000000e+00]
  ...
  [2.9176001e+02 2.4634000e+02 1.0000252e-03 0.0000000e+00]
  [2.9225000e+02 2.4634000e+02 2.5262125e-08 0.0000000e+00]
  [2.8820999e+02 2.4634000e+02 1.0000252e-03 0.0000000e+00]]

 [[2.8347000e+02 2.4247000e+02 4.0000025e-02 0.0000000e+00]
  [2.8347000e+02 2.4247000e+02 4.0000025e-02 0.0000000e+00]
  [2.8291998e+02 2.4275999e+02 4.0000025e-02 0.0000000e+00]
  ...
  [2.8820999e+02 2.4634000e+02 1.0000252e-03 0.0000000e+00]
  [2.8664999e+02 2.4686000e+02 1.0000252e-03 0.0000000e+00]
  [2.8612000e+02 2.4686000e+02 1.0000252e-03 0.0000000e+00]]

 [[2.7263000e+02 2.3745000e+02 5.3000025e-02 0.0000000e+00]
  [2.6956000e+02 2.3677000e+02 6.5000020e-02 0.0000000e+00]
  [2.7442999e+02 2.3677000e+02 5.3000025e-02 0.0000000e+00]
  ...
  [2.8507001e+02 2.4634000e+02 1.0000252e-03 0.0000000e+00]
  [2.8507001e+02 2.4634000e+02 1.0000252e-03 0.0000000e+00]
  [2.8507001e+02 2.4686000e+02 1.0000252e-03 0.0000000e+00]]

 ...

 [[2.8564999e+02 2.3942000e+02 5.3000025e-02 0.0000000e+00]
  [2.8979001e+02 2.4097000e+02 9.0000026e-02 0.0000000e+00]
  [2.8616998e+02 2.4217000e+02 1.8700002e-01 0.0000000e+00]
  ...
  [2.7442999e+02 2.4863000e+02 4.0000025e-02 0.0000000e+00]
  [2.7442999e+02 2.4863000e+02 4.0000025e-02 0.0000000e+00]
  [2.6892999e+02 2.4863000e+02 3.2000024e-02 0.0000000e+00]]

 [[2.8616998e+02 2.3942000e+02 5.3000025e-02 0.0000000e+00]
  [2.8926999e+02 2.4005000e+02 5.8000024e-02 0.0000000e+00]
  [2.9279001e+02 2.4188000e+02 3.2000024e-02 0.0000000e+00]
  ...
  [2.7442999e+02 2.4863000e+02 4.0000025e-02 0.0000000e+00]
  [2.7442999e+02 2.4863000e+02 4.0000025e-02 0.0000000e+00]
  [2.6892999e+02 2.4863000e+02 3.2000024e-02 0.0000000e+00]]

 [[2.8459000e+02 2.3845000e+02 5.8000024e-02 0.0000000e+00]
  [2.8773001e+02 2.4005000e+02 7.8000024e-02 0.0000000e+00]
  [2.9179999e+02 2.4158000e+02 4.0000025e-02 0.0000000e+00]
  ...
  [2.7676999e+02 2.4863000e+02 2.1000024e-02 0.0000000e+00]
  [2.7676999e+02 2.4863000e+02 2.1000024e-02 0.0000000e+00]
  [2.7619000e+02 2.4888000e+02 2.1000024e-02 0.0000000e+00]]]
       [[[2.7142001e+02 2.3910001e+02 2.5262125e-08 0.0000000e+00]
  [2.7142001e+02 2.3910001e+02 2.5262125e-08 0.0000000e+00]
  [2.7619000e+02 2.4005000e+02 2.5262125e-08 0.0000000e+00]
  ...
  [2.9275000e+02 2.4581000e+02 2.5262125e-08 0.0000000e+00]
  [2.9373001e+02 2.4634000e+02 2.5262125e-08 0.0000000e+00]
  [2.9323999e+02 2.4634000e+02 2.5262125e-08 0.0000000e+00]]

 [[2.7501001e+02 2.3973000e+02 3.0000252e-03 0.0000000e+00]
  [2.7501001e+02 2.3973000e+02 2.5262125e-08 0.0000000e+00]
  [2.7848999e+02 2.4067000e+02 2.5262125e-08 0.0000000e+00]
  ...
  [2.9225000e+02 2.4500000e+02 2.0000252e-03 0.0000000e+00]
  [2.9373001e+02 2.4581000e+02 2.5262125e-08 0.0000000e+00]
  [2.9323999e+02 2.4581000e+02 2.5262125e-08 0.0000000e+00]]

 [[2.7560999e+02 2.3973000e+02 2.5262125e-08 0.0000000e+00]
  [2.7560999e+02 2.3973000e+02 2.0000252e-03 0.0000000e+00]
  [2.7619000e+02 2.4097000e+02 2.0000252e-03 0.0000000e+00]
  ...
  [2.9025000e+02 2.4389999e+02 2.0000252e-03 0.0000000e+00]
  [2.8238000e+02 2.4389999e+02 2.5262125e-08 0.0000000e+00]
  [2.8291998e+02 2.4417999e+02 2.5262125e-08 0.0000000e+00]]

 ...

 [[2.8564999e+02 2.4067000e+02 2.0000252e-03 0.0000000e+00]
  [2.8564999e+02 2.4097000e+02 2.0000252e-03 0.0000000e+00]
  [2.8406000e+02 2.4067000e+02 2.0000252e-03 0.0000000e+00]
  ...
  [2.8664999e+02 2.4888000e+02 2.0000252e-03 0.0000000e+00]
  [2.8820999e+02 2.4863000e+02 2.0000252e-03 0.0000000e+00]
  [2.8820999e+02 2.4863000e+02 2.0000252e-03 0.0000000e+00]]

 [[2.8564999e+02 2.4097000e+02 2.0000252e-03 0.0000000e+00]
  [2.8564999e+02 2.4097000e+02 2.0000252e-03 0.0000000e+00]
  [2.8135999e+02 2.3878000e+02 2.0000252e-03 0.0000000e+00]
  ...
  [2.8820999e+02 2.4888000e+02 2.0000252e-03 0.0000000e+00]
  [2.8820999e+02 2.4888000e+02 2.0000252e-03 0.0000000e+00]
  [2.8820999e+02 2.4888000e+02 2.0000252e-03 0.0000000e+00]]

 [[2.8722000e+02 2.4005000e+02 3.0000252e-03 0.0000000e+00]
  [2.8722000e+02 2.4005000e+02 2.0000252e-03 0.0000000e+00]
  [2.9079999e+02 2.4005000e+02 2.0000252e-03 0.0000000e+00]
  ...
  [2.8820999e+02 2.4863000e+02 2.5262125e-08 0.0000000e+00]
  [2.8820999e+02 2.4838000e+02 2.0000252e-03 0.0000000e+00]
  [2.8820999e+02 2.4838000e+02 2.0000252e-03 0.0000000e+00]]]
       [[[2.8017001e+02 2.4128000e+02 2.0000252e-03 0.0000000e+00]
  [2.8347000e+02 2.4247000e+02 2.0000252e-03 0.0000000e+00]
  [2.8347000e+02 2.4247000e+02 2.0000252e-03 0.0000000e+00]
  ...
  [2.9076001e+02 2.4417999e+02 2.5262125e-08 0.0000000e+00]
  [2.9076001e+02 2.4361000e+02 2.5262125e-08 0.0000000e+00]
  [2.8975000e+02 2.4361000e+02 2.5262125e-08 0.0000000e+00]]

 [[2.8073001e+02 2.4128000e+02 2.5262125e-08 0.0000000e+00]
  [2.8291998e+02 2.4128000e+02 2.5262125e-08 0.0000000e+00]
  [2.8560001e+02 2.4361000e+02 2.0000252e-03 0.0000000e+00]
  ...
  [2.8975000e+02 2.4417999e+02 2.5262125e-08 0.0000000e+00]
  [2.9076001e+02 2.4417999e+02 2.5262125e-08 0.0000000e+00]
  [2.9025000e+02 2.4361000e+02 2.5262125e-08 0.0000000e+00]]

 [[2.8238000e+02 2.4158000e+02 2.5262125e-08 0.0000000e+00]
  [2.8347000e+02 2.4188000e+02 2.5262125e-08 0.0000000e+00]
  [2.8507001e+02 2.4247000e+02 2.5262125e-08 0.0000000e+00]
  ...
  [2.8975000e+02 2.4275999e+02 2.5262125e-08 0.0000000e+00]
  [2.9125000e+02 2.4333000e+02 2.5262125e-08 0.0000000e+00]
  [2.9076001e+02 2.4333000e+02 2.5262125e-08 0.0000000e+00]]

 ...

 [[2.9279001e+02 2.4217000e+02 2.0000252e-03 0.0000000e+00]
  [2.9179999e+02 2.4188000e+02 2.0000252e-03 0.0000000e+00]
  [2.8670001e+02 2.4067000e+02 3.0000252e-03 0.0000000e+00]
  ...
  [2.8769000e+02 2.4737000e+02 2.5262125e-08 0.0000000e+00]
  [2.8769000e+02 2.4737000e+02 2.5262125e-08 0.0000000e+00]
  [2.8716998e+02 2.4737000e+02 2.5262125e-08 0.0000000e+00]]

 [[2.8670001e+02 2.4247000e+02 2.0000252e-03 0.0000000e+00]
  [2.8616998e+02 2.4217000e+02 2.0000252e-03 0.0000000e+00]
  [2.8979001e+02 2.4188000e+02 2.0000252e-03 0.0000000e+00]
  ...
  [2.8716998e+02 2.4686000e+02 2.5262125e-08 0.0000000e+00]
  [2.8716998e+02 2.4737000e+02 2.5262125e-08 0.0000000e+00]
  [2.8769000e+02 2.4737000e+02 2.5262125e-08 0.0000000e+00]]

 [[2.8512000e+02 2.4217000e+02 2.5262125e-08 0.0000000e+00]
  [2.8773001e+02 2.4217000e+02 2.5262125e-08 0.0000000e+00]
  [2.8876001e+02 2.4188000e+02 2.5262125e-08 0.0000000e+00]
  ...
  [2.8400000e+02 2.4581000e+02 2.5262125e-08 0.0000000e+00]
  [2.8612000e+02 2.4634000e+02 2.5262125e-08 0.0000000e+00]
  [2.8716998e+02 2.4660001e+02 2.5262125e-08 0.0000000e+00]]]
       [[[2.7848999e+02 2.4005000e+02           nan 0.0000000e+00]
  [2.7791000e+02 2.3812000e+02           nan 0.0000000e+00]
  [2.7791000e+02 2.3812000e+02           nan 0.0000000e+00]
  ...
  [2.8975000e+02 2.4275999e+02 2.5262125e-08 0.0000000e+00]
  [2.8923001e+02 2.4275999e+02 2.5262125e-08 0.0000000e+00]
  [2.8923001e+02 2.4303999e+02 2.5262125e-08 0.0000000e+00]]

 [[2.8716998e+02 2.4247000e+02           nan 0.0000000e+00]
  [2.8017001e+02 2.4128000e+02           nan 0.0000000e+00]
  [2.8017001e+02 2.4128000e+02           nan 0.0000000e+00]
  ...
  [2.8872000e+02 2.4217000e+02 2.5262125e-08 0.0000000e+00]
  [2.8872000e+02 2.4217000e+02 2.5262125e-08 0.0000000e+00]
  [2.8923001e+02 2.4247000e+02 2.5262125e-08 0.0000000e+00]]

 [[2.8400000e+02 2.4188000e+02           nan 0.0000000e+00]
  [2.8400000e+02 2.4188000e+02           nan 0.0000000e+00]
  [2.8400000e+02 2.4188000e+02           nan 0.0000000e+00]
  ...
  [2.8872000e+02 2.4217000e+02 2.5262125e-08 0.0000000e+00]
  [2.8769000e+02 2.4188000e+02 2.5262125e-08 0.0000000e+00]
  [2.8872000e+02 2.4275999e+02 2.5262125e-08 0.0000000e+00]]

 ...

 [[2.8357999e+02 2.3973000e+02           nan 0.0000000e+00]
  [2.8459000e+02 2.3942000e+02           nan 0.0000000e+00]
  [2.8026001e+02 2.3942000e+02           nan 0.0000000e+00]
  ...
  [2.7904999e+02 2.4361000e+02 2.5262125e-08 0.0000000e+00]
  [2.7791000e+02 2.4303999e+02 2.5262125e-08 0.0000000e+00]
  [2.8716998e+02 2.4634000e+02 2.5262125e-08 0.0000000e+00]]

 [[2.8410999e+02 2.4005000e+02           nan 0.0000000e+00]
  [2.8198001e+02 2.4036000e+02           nan 0.0000000e+00]
  [2.7859000e+02 2.3942000e+02           nan 0.0000000e+00]
  ...
  [2.8238000e+02 2.4417999e+02 2.5262125e-08 0.0000000e+00]
  [2.8400000e+02 2.4500000e+02 2.5262125e-08 0.0000000e+00]
  [2.8238000e+02 2.4417999e+02 2.5262125e-08 0.0000000e+00]]

 [[2.8516998e+02 2.4005000e+02           nan 0.0000000e+00]
  [2.8304999e+02 2.4036000e+02           nan 0.0000000e+00]
  [2.8089999e+02 2.4036000e+02           nan 0.0000000e+00]
  ...
  [2.8400000e+02 2.4500000e+02 2.5262125e-08 0.0000000e+00]
  [2.8400000e+02 2.4500000e+02 2.5262125e-08 0.0000000e+00]
  [2.8400000e+02 2.4473000e+02 2.5262125e-08 0.0000000e+00]]]
       [[[2.6892999e+02 2.3537000e+02 2.5262125e-08 0.0000000e+00]
  [2.7848999e+02 2.3878000e+02 2.5262125e-08 0.0000000e+00]
  [2.8073001e+02 2.4005000e+02 2.5262125e-08 0.0000000e+00]
  ...
  [2.8923001e+02 2.4247000e+02 2.5262125e-08 0.0000000e+00]
  [2.9025000e+02 2.4275999e+02 2.5262125e-08 0.0000000e+00]
  [2.8975000e+02 2.4275999e+02 2.5262125e-08 0.0000000e+00]]

 [[2.6572000e+02 2.3464000e+02 2.5262125e-08 0.0000000e+00]
  [2.7442999e+02 2.3677000e+02 2.5262125e-08 0.0000000e+00]
  [2.6572000e+02 2.3156999e+02 2.5262125e-08 0.0000000e+00]
  ...
  [2.9025000e+02 2.4247000e+02 1.0000252e-03 0.0000000e+00]
  [2.9076001e+02 2.4333000e+02 2.5262125e-08 0.0000000e+00]
  [2.9025000e+02 2.4333000e+02 2.5262125e-08 0.0000000e+00]]

 [[2.6373999e+02 2.3353000e+02 2.5262125e-08 0.0000000e+00]
  [2.5820999e+02 2.3197000e+02 2.5262125e-08 0.0000000e+00]
  [2.4664000e+02 2.2727000e+02 2.5262125e-08 0.0000000e+00]
  ...
  [2.8716998e+02 2.4128000e+02 2.5262125e-08 0.0000000e+00]
  [2.9025000e+02 2.4217000e+02 2.5262125e-08 0.0000000e+00]
  [2.9025000e+02 2.4275999e+02 2.5262125e-08 0.0000000e+00]]

 ...

 [[2.9132999e+02 2.4097000e+02 2.5262125e-08 2.8750000e-03]
  [2.9132999e+02 2.4097000e+02 2.5262125e-08 1.8750001e-03]
  [2.8826001e+02 2.4128000e+02 2.5262125e-08 1.2500001e-04]
  ...
  [2.8454001e+02 2.4247000e+02 1.4000025e-02 0.0000000e+00]
  [2.8454001e+02 2.4247000e+02 1.4000025e-02 0.0000000e+00]
  [2.8347000e+02 2.4217000e+02 1.4000025e-02 0.0000000e+00]]

 [[2.9132999e+02 2.4097000e+02 2.5262125e-08 3.6250001e-03]
  [2.9132999e+02 2.4097000e+02 2.5262125e-08 1.8750001e-03]
  [2.8826001e+02 2.4128000e+02 2.5262125e-08 1.2500001e-04]
  ...
  [2.8454001e+02 2.4247000e+02 1.4000025e-02 0.0000000e+00]
  [2.8454001e+02 2.4247000e+02 1.4000025e-02 0.0000000e+00]
  [2.8612000e+02 2.4247000e+02 1.4000025e-02 0.0000000e+00]]

 [[2.9182999e+02 2.4097000e+02 2.5262125e-08 3.5000001e-03]
  [2.8982001e+02 2.4128000e+02 2.5262125e-08 1.7500001e-03]
  [2.8982001e+02 2.4128000e+02 2.5262125e-08 6.0869328e-16]
  ...
  [2.8664999e+02 2.4275999e+02 8.0000255e-03 0.0000000e+00]
  [2.8664999e+02 2.4275999e+02 8.0000255e-03 0.0000000e+00]
  [2.8612000e+02 2.4247000e+02 1.4000025e-02 0.0000000e+00]]]
       [[[2.6170999e+02 2.3314000e+02 9.7000025e-02 0.0000000e+00]
  [2.6170999e+02 2.3314000e+02 9.7000025e-02 0.0000000e+00]
  [2.5748999e+02 2.3237000e+02 1.1000002e-01 0.0000000e+00]
  ...
  [2.9275000e+02 2.4473000e+02 4.5000024e-02 0.0000000e+00]
  [2.9275000e+02 2.4473000e+02 4.5000024e-02 0.0000000e+00]
  [2.9323999e+02 2.4500000e+02 4.5000024e-02 0.0000000e+00]]

 [[2.6032999e+02 2.3464000e+02 9.7000025e-02 0.0000000e+00]
  [2.6032999e+02 2.3464000e+02 9.7000025e-02 0.0000000e+00]
  [2.6892999e+02 2.3778999e+02 7.8000024e-02 0.0000000e+00]
  ...
  [2.9275000e+02 2.4473000e+02 4.5000024e-02 0.0000000e+00]
  [2.9275000e+02 2.4473000e+02 4.5000024e-02 0.0000000e+00]
  [2.9323999e+02 2.4500000e+02 4.5000024e-02 0.0000000e+00]]

 [[2.6239999e+02 2.2906000e+02 9.0000026e-02 0.0000000e+00]
  [2.6239999e+02 2.2906000e+02 9.0000026e-02 0.0000000e+00]
  [2.8238000e+02 2.4128000e+02 4.5000024e-02 0.0000000e+00]
  ...
  [2.9076001e+02 2.4361000e+02 5.8000024e-02 0.0000000e+00]
  [2.9076001e+02 2.4361000e+02 5.8000024e-02 0.0000000e+00]
  [2.9125000e+02 2.4417999e+02 5.8000024e-02 0.0000000e+00]]

 ...

 [[2.9282001e+02 2.4247000e+02 2.7000025e-02 3.7916668e-03]
  [2.9282001e+02 2.4247000e+02 2.7000025e-02 3.7916668e-03]
  [2.9279001e+02 2.4247000e+02 4.0000025e-02 7.2222226e-04]
  ...
  [2.8238000e+02 2.4067000e+02 3.1500003e-01 8.1083313e-02]
  [2.8347000e+02 2.4067000e+02 2.8200001e-01 7.5833306e-02]
  [2.8347000e+02 2.4067000e+02 2.8200001e-01 7.5833306e-02]]

 [[2.9282001e+02 2.4247000e+02 2.7000025e-02 2.7777778e-04]
  [2.9182999e+02 2.4247000e+02 4.5000024e-02 2.7777778e-04]
  [2.9182999e+02 2.4247000e+02 4.5000024e-02 0.0000000e+00]
  ...
  [2.8182999e+02 2.4067000e+02 2.5000003e-01 0.0000000e+00]
  [2.8347000e+02 2.4067000e+02 2.8200001e-01 0.0000000e+00]
  [2.8347000e+02 2.4067000e+02 2.8200001e-01 0.0000000e+00]]

 [[2.9282001e+02 2.4275999e+02 2.7000025e-02 4.1666669e-03]
  [2.9182999e+02 2.4247000e+02 4.5000024e-02 2.7777778e-04]
  [2.9182999e+02 2.4247000e+02 4.5000024e-02 0.0000000e+00]
  ...
  [2.8400000e+02 2.4158000e+02 3.2100001e-01 0.0000000e+00]
  [2.8182999e+02 2.4067000e+02 3.4000000e-01 0.0000000e+00]
  [2.8182999e+02 2.4067000e+02 3.4000000e-01 0.0000000e+00]]]
       [[[2.8129001e+02 2.3711000e+02 6.5000020e-02 0.0000000e+00]
  [2.6103000e+02 2.3314000e+02 1.3500002e-01 0.0000000e+00]
  [2.6103000e+02 2.3314000e+02 1.3500002e-01 0.0000000e+00]
  ...
  [2.6638000e+02 2.3075999e+02 1.3500002e-01 0.0000000e+00]
  [2.7442999e+02 2.3427000e+02 1.1600002e-01 0.0000000e+00]
  [2.7442999e+02 2.3427000e+02 1.1600002e-01 0.0000000e+00]]

 [[2.5530000e+02 2.2681000e+02 1.7400002e-01 0.0000000e+00]
  [2.6892999e+02 2.3537000e+02 9.0000026e-02 0.0000000e+00]
  [2.6892999e+02 2.3537000e+02 9.0000026e-02 0.0000000e+00]
  ...
  [2.6638000e+02 2.3075999e+02 1.3500002e-01 0.0000000e+00]
  [2.7442999e+02 2.3427000e+02 1.1600002e-01 0.0000000e+00]
  [2.7442999e+02 2.3427000e+02 1.1600002e-01 0.0000000e+00]]

 [[2.5070000e+02 2.2992000e+02 1.7400002e-01 0.0000000e+00]
  [2.5070000e+02 2.2992000e+02 1.7400002e-01 0.0000000e+00]
  [2.5070000e+02 2.2992000e+02 1.7400002e-01 0.0000000e+00]
  ...
  [2.3680000e+02 2.2000000e+02 2.5000003e-01 0.0000000e+00]
  [2.3775999e+02 2.2059000e+02 2.3100002e-01 0.0000000e+00]
  [2.3775999e+02 2.2059000e+02 2.3100002e-01 0.0000000e+00]]

 ...

 [[2.9182999e+02 2.4188000e+02 5.8000024e-02 0.0000000e+00]
  [2.8979001e+02 2.4188000e+02 7.8000024e-02 0.0000000e+00]
  [2.8979001e+02 2.4188000e+02 7.8000024e-02 0.0000000e+00]
  ...
  [2.8664999e+02 2.4128000e+02 1.8700002e-01 8.1569418e-02]
  [2.8612000e+02 2.4128000e+02 2.3700002e-01 7.2430536e-02]
  [2.8347000e+02 2.4188000e+02 3.4000000e-01 6.3291647e-02]]

 [[2.9332999e+02 2.4217000e+02 3.2000024e-02 0.0000000e+00]
  [2.9332999e+02 2.4217000e+02 4.0000025e-02 0.0000000e+00]
  [2.9332999e+02 2.4217000e+02 4.0000025e-02 0.0000000e+00]
  ...
  [2.8664999e+02 2.4128000e+02 1.8700002e-01 5.4347206e-02]
  [2.8612000e+02 2.4128000e+02 2.3700002e-01 4.5208320e-02]
  [2.8612000e+02 2.4158000e+02 1.3500002e-01 4.5208320e-02]]

 [[2.9332999e+02 2.4217000e+02 3.2000024e-02 0.0000000e+00]
  [2.9332999e+02 2.4217000e+02 4.0000025e-02 0.0000000e+00]
  [2.8982001e+02 2.4247000e+02 2.5700003e-01 0.0000000e+00]
  ...
  [2.7791000e+02 2.4128000e+02 1.8700002e-01 2.7124994e-02]
  [2.8017001e+02 2.4128000e+02 1.2900002e-01 2.7124994e-02]
  [2.8612000e+02 2.4158000e+02 1.3500002e-01 2.7124994e-02]]]
       [[[2.9422000e+02 2.4712000e+02 1.1000002e-01 0.0000000e+00]
  [2.9470999e+02 2.4738000e+02 1.0300002e-01 0.0000000e+00]
  [2.9519000e+02 2.4763000e+02 1.0300002e-01 0.0000000e+00]
  ...
  [2.8347000e+02 2.4067000e+02 5.8000024e-02 0.0000000e+00]
  [2.9275000e+02 2.4362000e+02 3.2000024e-02 0.0000000e+00]
  [2.9422000e+02 2.4473000e+02 4.0000025e-02 0.0000000e+00]]

 [[2.9470999e+02 2.4712000e+02 1.0300002e-01 0.0000000e+00]
  [2.9470999e+02 2.4712000e+02 1.0300002e-01 0.0000000e+00]
  [2.9470999e+02 2.4738000e+02 9.7000025e-02 0.0000000e+00]
  ...
  [2.8716998e+02 2.4037000e+02 6.5000020e-02 0.0000000e+00]
  [2.9125000e+02 2.4305000e+02 4.0000025e-02 0.0000000e+00]
  [2.9323999e+02 2.4417999e+02 4.5000024e-02 0.0000000e+00]]

 [[2.9470999e+02 2.4660001e+02 1.0300002e-01 0.0000000e+00]
  [2.9470999e+02 2.4686000e+02 9.7000025e-02 0.0000000e+00]
  [2.9519000e+02 2.4712000e+02 1.0300002e-01 0.0000000e+00]
  ...
  [2.8872000e+02 2.4098000e+02 4.5000024e-02 0.0000000e+00]
  [2.9076001e+02 2.4188000e+02 4.0000025e-02 0.0000000e+00]
  [2.9025000e+02 2.4217999e+02 5.3000025e-02 0.0000000e+00]]

 ...

 [[2.9381000e+02 2.4158000e+02 5.3000025e-02 0.0000000e+00]
  [2.9381000e+02 2.4158000e+02 5.3000025e-02 0.0000000e+00]
  [2.9376999e+02 2.4158000e+02 4.5000024e-02 0.0000000e+00]
  ...
  [2.8400000e+02 2.4005000e+02 1.5500002e-01 0.0000000e+00]
  [2.8400000e+02 2.4005000e+02 1.2900002e-01 0.0000000e+00]
  [2.8454001e+02 2.3974001e+02 1.9200002e-01 0.0000000e+00]]

 [[2.9381000e+02 2.4128000e+02 4.5000024e-02 0.0000000e+00]
  [2.9432001e+02 2.4158000e+02 4.5000024e-02 0.0000000e+00]
  [2.9426999e+02 2.4158000e+02 4.5000024e-02 0.0000000e+00]
  ...
  [2.8400000e+02 2.4005000e+02 1.5500002e-01 0.0000000e+00]
  [2.8400000e+02 2.4005000e+02 1.2900002e-01 0.0000000e+00]
  [2.8507001e+02 2.3974001e+02 1.1600002e-01 0.0000000e+00]]

 [[2.9381000e+02 2.4158000e+02 4.5000024e-02 0.0000000e+00]
  [2.9381000e+02 2.4128000e+02 4.5000024e-02 0.0000000e+00]
  [2.9381000e+02 2.4128000e+02 4.5000024e-02 0.0000000e+00]
  ...
  [2.8400000e+02 2.4005000e+02 1.5500002e-01 0.0000000e+00]
  [2.8400000e+02 2.4005000e+02 1.2900002e-01 0.0000000e+00]
  [2.8507001e+02 2.3974001e+02 1.1600002e-01 0.0000000e+00]]]
       [[[2.8560001e+02 2.4217999e+02 5.8000024e-02 0.0000000e+00]
  [2.8560001e+02 2.4217999e+02 5.8000024e-02 0.0000000e+00]
  [2.7791000e+02 2.4128000e+02 9.0000026e-02 0.0000000e+00]
  ...
  [2.9519000e+02 2.4528000e+02 8.0000255e-03 0.0000000e+00]
  [2.9519000e+02 2.4528000e+02 8.0000255e-03 0.0000000e+00]
  [2.9519000e+02 2.4528000e+02 1.0000252e-03 0.0000000e+00]]

 [[2.9076001e+02 2.4445999e+02 3.2000024e-02 0.0000000e+00]
  [2.8769000e+02 2.4417999e+02 4.0000025e-02 0.0000000e+00]
  [2.8769000e+02 2.4417999e+02 4.0000025e-02 0.0000000e+00]
  ...
  [2.9567999e+02 2.4473000e+02 1.0000252e-03 0.0000000e+00]
  [2.9567999e+02 2.4473000e+02 1.0000252e-03 0.0000000e+00]
  [2.9567999e+02 2.4473000e+02 1.0000252e-03 0.0000000e+00]]

 [[2.9125000e+02 2.4362000e+02 4.5000024e-02 0.0000000e+00]
  [2.9125000e+02 2.4362000e+02 4.5000024e-02 0.0000000e+00]
  [2.8560001e+02 2.4247000e+02 6.5000020e-02 0.0000000e+00]
  ...
  [2.9567999e+02 2.4445999e+02 1.0000252e-03 0.0000000e+00]
  [2.9567999e+02 2.4445999e+02 1.0000252e-03 0.0000000e+00]
  [2.9567999e+02 2.4473000e+02 1.0000252e-03 0.0000000e+00]]

 ...

 [[2.9329001e+02 2.4128000e+02 2.7000025e-02 0.0000000e+00]
  [2.9179999e+02 2.4158000e+02 4.0000025e-02 0.0000000e+00]
  [2.9129001e+02 2.4158000e+02 4.0000025e-02 0.0000000e+00]
  ...
  [2.7201999e+02 2.4098000e+02 1.4000025e-02 0.0000000e+00]
  [2.7676999e+02 2.4098000e+02 1.4000025e-02 0.0000000e+00]
  [2.7676999e+02 2.4098000e+02 1.4000025e-02 0.0000000e+00]]

 [[2.8876001e+02 2.4128000e+02 1.3500002e-01 0.0000000e+00]
  [2.8876001e+02 2.4128000e+02 1.3500002e-01 0.0000000e+00]
  [2.8773001e+02 2.4128000e+02 8.4000021e-02 1.6666668e-04]
  ...
  [2.7201999e+02 2.4098000e+02 1.4000025e-02 0.0000000e+00]
  [2.7676999e+02 2.4098000e+02 1.4000025e-02 0.0000000e+00]
  [2.7676999e+02 2.4098000e+02 1.4000025e-02 0.0000000e+00]]

 [[2.8773001e+02 2.4067000e+02 1.4200002e-01 0.0000000e+00]
  [2.8773001e+02 2.4067000e+02 1.4200002e-01 1.0000000e-03]
  [2.8616998e+02 2.4067000e+02 9.7000025e-02 2.5000002e-03]
  ...
  [2.6892999e+02 2.4005000e+02 2.7000025e-02 0.0000000e+00]
  [2.6766000e+02 2.4037000e+02 2.1000024e-02 0.0000000e+00]
  [2.6766000e+02 2.4037000e+02 2.1000024e-02 0.0000000e+00]]]
       [[[2.6307999e+02 2.3502000e+02 2.0000252e-03 0.0000000e+00]
  [2.4830000e+02 2.2992999e+02 2.5262125e-08 0.0000000e+00]
  [2.4830000e+02 2.2992999e+02 2.5262125e-08 0.0000000e+00]
  ...
  [2.9470999e+02 2.4362000e+02 2.0000252e-03 0.0000000e+00]
  [2.9422000e+02 2.4362000e+02 2.0000252e-03 0.0000000e+00]
  [2.9470999e+02 2.4417999e+02 2.0000252e-03 0.0000000e+00]]

 [[2.6032999e+02 2.3573000e+02 2.5262125e-08 0.0000000e+00]
  [2.6032999e+02 2.3428000e+02 2.5262125e-08 0.0000000e+00]
  [2.6032999e+02 2.3428000e+02 2.0000252e-03 0.0000000e+00]
  ...
  [2.9519000e+02 2.4417999e+02 2.0000252e-03 0.0000000e+00]
  [2.9422000e+02 2.4362000e+02 2.0000252e-03 0.0000000e+00]
  [2.9519000e+02 2.4417999e+02 2.0000252e-03 0.0000000e+00]]

 [[2.7619000e+02 2.3878000e+02 3.0000252e-03 0.0000000e+00]
  [2.7442999e+02 2.3910001e+02 3.0000252e-03 0.0000000e+00]
  [2.7442999e+02 2.3910001e+02 2.5262125e-08 0.0000000e+00]
  ...
  [2.9567999e+02 2.4417999e+02 2.0000252e-03 0.0000000e+00]
  [2.9470999e+02 2.4417999e+02 2.0000252e-03 0.0000000e+00]
  [2.9519000e+02 2.4362000e+02 2.0000252e-03 0.0000000e+00]]

 ...

 [[2.9376999e+02 2.4217999e+02 2.0000252e-03 0.0000000e+00]
  [2.9376999e+02 2.4217999e+02 2.0000252e-03 0.0000000e+00]
  [2.9376999e+02 2.4217999e+02 2.0000252e-03 0.0000000e+00]
  ...
  [2.6170999e+02 2.4005000e+02 2.5262125e-08 0.0000000e+00]
  [2.6507999e+02 2.4037000e+02 2.5262125e-08 0.0000000e+00]
  [2.8017001e+02 2.4158000e+02 2.5262125e-08 0.0000000e+00]]

 [[2.9279001e+02 2.4247000e+02 2.0000252e-03 0.0000000e+00]
  [2.9279001e+02 2.4247000e+02 2.0000252e-03 0.0000000e+00]
  [2.9279001e+02 2.4247000e+02 2.0000252e-03 0.0000000e+00]
  ...
  [2.6170999e+02 2.4005000e+02 2.5262125e-08 0.0000000e+00]
  [2.6507999e+02 2.4037000e+02 2.5262125e-08 0.0000000e+00]
  [2.8017001e+02 2.4158000e+02 2.5262125e-08 0.0000000e+00]]

 [[2.9129001e+02 2.4217999e+02 2.0000252e-03 0.0000000e+00]
  [2.9329001e+02 2.4217999e+02 2.0000252e-03 0.0000000e+00]
  [2.9329001e+02 2.4217999e+02 2.5262125e-08 0.0000000e+00]
  ...
  [2.5892999e+02 2.4005000e+02 2.0000252e-03 0.0000000e+00]
  [2.6307999e+02 2.4037000e+02 2.0000252e-03 0.0000000e+00]
  [2.7560999e+02 2.4098000e+02 2.0000252e-03 0.0000000e+00]]]
       [[[2.9076001e+02 2.4500999e+02 2.0000252e-03 0.0000000e+00]
  [2.9176001e+02 2.4555000e+02 2.0000252e-03 0.0000000e+00]
  [2.9275000e+02 2.4581000e+02 2.5262125e-08 0.0000000e+00]
  ...
  [2.9567999e+02 2.4275999e+02 2.5262125e-08 0.0000000e+00]
  [2.9614999e+02 2.4305000e+02 2.5262125e-08 0.0000000e+00]
  [2.9567999e+02 2.4275999e+02 2.5262125e-08 0.0000000e+00]]

 [[2.8347000e+02 2.4275999e+02 2.0000252e-03 0.0000000e+00]
  [2.8820999e+02 2.4500999e+02 2.0000252e-03 0.0000000e+00]
  [2.8923001e+02 2.4528000e+02 2.5262125e-08 0.0000000e+00]
  ...
  [2.9567999e+02 2.4247000e+02 2.5262125e-08 0.0000000e+00]
  [2.9567999e+02 2.4275999e+02 2.5262125e-08 0.0000000e+00]
  [2.9567999e+02 2.4247000e+02 2.5262125e-08 0.0000000e+00]]

 [[2.8291998e+02 2.4275999e+02 2.0000252e-03 0.0000000e+00]
  [2.7263000e+02 2.3878000e+02 2.0000252e-03 0.0000000e+00]
  [2.8664999e+02 2.4333000e+02 2.0000252e-03 0.0000000e+00]
  ...
  [2.9519000e+02 2.4247000e+02 2.5262125e-08 0.0000000e+00]
  [2.9519000e+02 2.4275999e+02 2.5262125e-08 0.0000000e+00]
  [2.9519000e+02 2.4275999e+02 2.5262125e-08 0.0000000e+00]]

 ...

 [[2.9329001e+02 2.4362000e+02 2.0000252e-03 0.0000000e+00]
  [2.9329001e+02 2.4362000e+02 2.0000252e-03 0.0000000e+00]
  [2.9329001e+02 2.4362000e+02 2.0000252e-03 0.0000000e+00]
  ...
  [2.6507999e+02 2.4128000e+02 2.5262125e-08 0.0000000e+00]
  [2.5892999e+02 2.4067000e+02 2.5262125e-08 0.0000000e+00]
  [2.5530000e+02 2.4005000e+02 2.5262125e-08 0.0000000e+00]]

 [[2.9329001e+02 2.4362000e+02 3.0000252e-03 0.0000000e+00]
  [2.9329001e+02 2.4362000e+02 3.0000252e-03 0.0000000e+00]
  [2.9329001e+02 2.4362000e+02 3.0000252e-03 0.0000000e+00]
  ...
  [2.7676999e+02 2.4275999e+02 2.5262125e-08 0.0000000e+00]
  [2.7382999e+02 2.4217999e+02 2.5262125e-08 0.0000000e+00]
  [2.6239999e+02 2.4098000e+02 2.5262125e-08 0.0000000e+00]]

 [[2.9329001e+02 2.4362000e+02 2.0000252e-03 0.0000000e+00]
  [2.9279001e+02 2.4362000e+02 2.0000252e-03 0.0000000e+00]
  [2.9329001e+02 2.4362000e+02 2.0000252e-03 0.0000000e+00]
  ...
  [2.8507001e+02 2.4389999e+02 2.5262125e-08 0.0000000e+00]
  [2.8291998e+02 2.4333000e+02 2.5262125e-08 0.0000000e+00]
  [2.7619000e+02 2.4247000e+02 2.5262125e-08 0.0000000e+00]]]
       [[[2.7791000e+02 2.3846001e+02           nan 0.0000000e+00]
  [2.7142001e+02 2.3642999e+02           nan 0.0000000e+00]
  [2.7263000e+02 2.3608000e+02           nan 0.0000000e+00]
  ...
  [2.9323999e+02 2.4188000e+02 2.5262125e-08 0.0000000e+00]
  [2.9323999e+02 2.4188000e+02 2.5262125e-08 0.0000000e+00]
  [2.9225000e+02 2.4188000e+02 2.5262125e-08 0.0000000e+00]]

 [[2.7735001e+02 2.3846001e+02           nan 0.0000000e+00]
  [2.6638000e+02 2.3538000e+02           nan 0.0000000e+00]
  [2.7263000e+02 2.3642999e+02           nan 0.0000000e+00]
  ...
  [2.9225000e+02 2.4158000e+02 2.5262125e-08 0.0000000e+00]
  [2.9323999e+02 2.4188000e+02 2.5262125e-08 0.0000000e+00]
  [2.9076001e+02 2.4188000e+02 2.5262125e-08 0.0000000e+00]]

 [[2.7382999e+02 2.3538000e+02           nan 0.0000000e+00]
  [2.7201999e+02 2.3608000e+02           nan 0.0000000e+00]
  [2.7323999e+02 2.3608000e+02           nan 0.0000000e+00]
  ...
  [2.8975000e+02 2.4098000e+02 2.5262125e-08 0.0000000e+00]
  [2.9125000e+02 2.4128000e+02 2.5262125e-08 0.0000000e+00]
  [2.9225000e+02 2.4158000e+02 2.5262125e-08 0.0000000e+00]]

 ...

 [[2.9029001e+02 2.4417999e+02           nan 0.0000000e+00]
  [2.8926999e+02 2.4417999e+02           nan 0.0000000e+00]
  [2.8926999e+02 2.4362000e+02           nan 0.0000000e+00]
  ...
  [2.8612000e+02 2.4528000e+02 2.5262125e-08 0.0000000e+00]
  [2.8612000e+02 2.4528000e+02 2.5262125e-08 0.0000000e+00]
  [2.8716998e+02 2.4500999e+02 2.5262125e-08 0.0000000e+00]]

 [[2.8876001e+02 2.4417999e+02           nan 0.0000000e+00]
  [2.8876001e+02 2.4417999e+02           nan 0.0000000e+00]
  [2.8876001e+02 2.4417999e+02           nan 0.0000000e+00]
  ...
  [2.8560001e+02 2.4500999e+02 2.5262125e-08 0.0000000e+00]
  [2.8560001e+02 2.4500999e+02 2.5262125e-08 0.0000000e+00]
  [2.8664999e+02 2.4528000e+02 2.5262125e-08 0.0000000e+00]]

 [[2.8826001e+02 2.4417999e+02           nan 0.0000000e+00]
  [2.8826001e+02 2.4417999e+02           nan 0.0000000e+00]
  [2.8826001e+02 2.4417999e+02           nan 0.0000000e+00]
  ...
  [2.8560001e+02 2.4500999e+02 2.5262125e-08 0.0000000e+00]
  [2.8560001e+02 2.4500999e+02 2.5262125e-08 0.0000000e+00]
  [2.8664999e+02 2.4528000e+02 2.5262125e-08 0.0000000e+00]]]
       [[[2.5892999e+02 2.3391000e+02 2.5262125e-08 0.0000000e+00]
  [2.7791000e+02 2.3846001e+02 2.5262125e-08 0.0000000e+00]
  [2.7791000e+02 2.3846001e+02 2.5262125e-08 0.0000000e+00]
  ...
  [2.9275000e+02 2.4362000e+02 1.0000252e-03 0.0000000e+00]
  [2.9373001e+02 2.4362000e+02 2.5262125e-08 0.0000000e+00]
  [2.9373001e+02 2.4305000e+02 2.5262125e-08 0.0000000e+00]]

 [[2.7791000e+02 2.3778999e+02 2.5262125e-08 0.0000000e+00]
  [2.7791000e+02 2.3778999e+02 2.5262125e-08 0.0000000e+00]
  [2.7791000e+02 2.3778999e+02 2.5262125e-08 0.0000000e+00]
  ...
  [2.9373001e+02 2.4362000e+02 2.5262125e-08 0.0000000e+00]
  [2.9373001e+02 2.4362000e+02 2.5262125e-08 0.0000000e+00]
  [2.9323999e+02 2.4362000e+02 2.5262125e-08 0.0000000e+00]]

 [[2.6956000e+02 2.3608000e+02 2.5262125e-08 0.0000000e+00]
  [2.8872000e+02 2.4128000e+02 2.5262125e-08 0.0000000e+00]
  [2.8872000e+02 2.4128000e+02 2.5262125e-08 0.0000000e+00]
  ...
  [2.9422000e+02 2.4333000e+02 2.5262125e-08 0.0000000e+00]
  [2.9323999e+02 2.4333000e+02 1.0000252e-03 0.0000000e+00]
  [2.9076001e+02 2.4362000e+02 1.0000252e-03 0.0000000e+00]]

 ...

 [[2.9079999e+02 2.4473000e+02 2.5262125e-08 0.0000000e+00]
  [2.8979001e+02 2.4473000e+02 2.5262125e-08 0.0000000e+00]
  [2.9329001e+02 2.4445999e+02 2.5262125e-08 0.0000000e+00]
  ...
  [2.9025000e+02 2.4888000e+02 8.0000255e-03 0.0000000e+00]
  [2.9076001e+02 2.4888000e+02 8.0000255e-03 0.0000000e+00]
  [2.8872000e+02 2.4863000e+02 1.4000025e-02 0.0000000e+00]]

 [[2.9282001e+02 2.4473000e+02 2.5262125e-08 0.0000000e+00]
  [2.9079999e+02 2.4473000e+02 2.5262125e-08 0.0000000e+00]
  [2.9229001e+02 2.4473000e+02 2.5262125e-08 0.0000000e+00]
  ...
  [2.8923001e+02 2.4888000e+02 8.0000255e-03 0.0000000e+00]
  [2.9025000e+02 2.4888000e+02 8.0000255e-03 0.0000000e+00]
  [2.8872000e+02 2.4888000e+02 2.1000024e-02 0.0000000e+00]]

 [[2.9282001e+02 2.4473000e+02 2.5262125e-08 0.0000000e+00]
  [2.9079999e+02 2.4473000e+02 2.5262125e-08 0.0000000e+00]
  [2.9229001e+02 2.4473000e+02 2.5262125e-08 0.0000000e+00]
  ...
  [2.8872000e+02 2.4888000e+02 1.4000025e-02 0.0000000e+00]
  [2.9025000e+02 2.4888000e+02 8.0000255e-03 0.0000000e+00]
  [2.8872000e+02 2.4888000e+02 1.4000025e-02 0.0000000e+00]]]
       [[[2.9422000e+02 2.4217999e+02 2.1000024e-02 0.0000000e+00]
  [2.9323999e+02 2.4217999e+02 2.7000025e-02 0.0000000e+00]
  [2.9323999e+02 2.4217999e+02 3.2000024e-02 0.0000000e+00]
  ...
  [2.9519000e+02 2.4333000e+02 2.1000024e-02 0.0000000e+00]
  [2.9519000e+02 2.4333000e+02 2.1000024e-02 0.0000000e+00]
  [2.9519000e+02 2.4305000e+02 2.1000024e-02 0.0000000e+00]]

 [[2.9225000e+02 2.4005000e+02 2.7000025e-02 0.0000000e+00]
  [2.9422000e+02 2.4188000e+02 2.1000024e-02 0.0000000e+00]
  [2.9470999e+02 2.4247000e+02 2.1000024e-02 0.0000000e+00]
  ...
  [2.9470999e+02 2.4333000e+02 4.5000024e-02 0.0000000e+00]
  [2.9519000e+02 2.4333000e+02 2.1000024e-02 0.0000000e+00]
  [2.9519000e+02 2.4305000e+02 2.1000024e-02 0.0000000e+00]]

 [[2.8769000e+02 2.3878000e+02 3.2000024e-02 0.0000000e+00]
  [2.9470999e+02 2.4188000e+02 2.1000024e-02 0.0000000e+00]
  [2.9519000e+02 2.4217999e+02 2.1000024e-02 0.0000000e+00]
  ...
  [2.9323999e+02 2.4333000e+02 1.1600002e-01 0.0000000e+00]
  [2.9470999e+02 2.4305000e+02 2.1000024e-02 0.0000000e+00]
  [2.9519000e+02 2.4305000e+02 2.1000024e-02 0.0000000e+00]]

 ...

 [[2.8829001e+02 2.4473000e+02 1.4800002e-01 0.0000000e+00]
  [2.8829001e+02 2.4500999e+02 1.5500002e-01 0.0000000e+00]
  [2.8829001e+02 2.4500999e+02 1.5500002e-01 0.0000000e+00]
  ...
  [2.9176001e+02 2.4814000e+02 8.4000021e-02 0.0000000e+00]
  [2.9176001e+02 2.4814000e+02 8.4000021e-02 0.0000000e+00]
  [2.9076001e+02 2.4838000e+02 1.2900002e-01 0.0000000e+00]]

 [[2.8776999e+02 2.4500999e+02 1.9200002e-01 0.0000000e+00]
  [2.8776999e+02 2.4500999e+02 1.8700002e-01 0.0000000e+00]
  [2.8776999e+02 2.4500999e+02 1.8700002e-01 0.0000000e+00]
  ...
  [2.9176001e+02 2.4814000e+02 8.4000021e-02 0.0000000e+00]
  [2.9176001e+02 2.4814000e+02 8.4000021e-02 0.0000000e+00]
  [2.9076001e+02 2.4838000e+02 1.2900002e-01 0.0000000e+00]]

 [[2.8982001e+02 2.4445999e+02 1.1600002e-01 0.0000000e+00]
  [2.8982001e+02 2.4445999e+02 1.2900002e-01 0.0000000e+00]
  [2.8879999e+02 2.4500999e+02 1.6100003e-01 0.0000000e+00]
  ...
  [2.9025000e+02 2.4788000e+02 2.4400002e-01 0.0000000e+00]
  [2.9025000e+02 2.4788000e+02 2.4400002e-01 0.0000000e+00]
  [2.9125000e+02 2.4814000e+02 1.1000002e-01 0.0000000e+00]]]
       [[[2.94709991e+02 2.42470001e+02 4.50000241e-02 0.00000000e+00]
  [2.94220001e+02 2.42470001e+02 8.40000212e-02 0.00000000e+00]
  [2.93239990e+02 2.42179993e+02 6.50000200e-02 0.00000000e+00]
  ...
  [2.95190002e+02 2.42179993e+02 1.61000028e-01 0.00000000e+00]
  [2.95190002e+02 2.42470001e+02 1.61000028e-01 0.00000000e+00]
  [2.95190002e+02 2.42470001e+02 1.61000028e-01 0.00000000e+00]]

 [[2.93730011e+02 2.42759995e+02 1.03000022e-01 0.00000000e+00]
  [2.94220001e+02 2.42759995e+02 8.40000212e-02 0.00000000e+00]
  [2.94709991e+02 2.42470001e+02 4.50000241e-02 0.00000000e+00]
  ...
  [2.95190002e+02 2.42759995e+02 1.55000016e-01 0.00000000e+00]
  [2.95679993e+02 2.42470001e+02 1.55000016e-01 0.00000000e+00]
  [2.95679993e+02 2.42470001e+02 1.55000016e-01 0.00000000e+00]]

 [[2.94220001e+02 2.42470001e+02 7.10000247e-02 0.00000000e+00]
  [2.94709991e+02 2.42470001e+02 6.50000200e-02 0.00000000e+00]
  [2.94709991e+02 2.42470001e+02 4.50000241e-02 0.00000000e+00]
  ...
  [2.95679993e+02 2.42470001e+02 1.61000028e-01 0.00000000e+00]
  [2.95190002e+02 2.42470001e+02 1.61000028e-01 0.00000000e+00]
  [2.95190002e+02 2.42470001e+02 1.61000028e-01 0.00000000e+00]]

 ...

 [[2.92820007e+02 2.46080002e+02 9.70000252e-02 0.00000000e+00]
  [2.88799988e+02 2.46080002e+02 4.05000001e-01 0.00000000e+00]
  [2.88799988e+02 2.46080002e+02 4.05000001e-01 0.00000000e+00]
  ...
  [2.89230011e+02 2.48630005e+02 2.82000005e-01 0.00000000e+00]
  [2.89750000e+02 2.48880005e+02 2.50000030e-01 0.00000000e+00]
  [2.90250000e+02 2.48880005e+02 1.23000026e-01 0.00000000e+00]]

 [[2.89820007e+02 2.45809998e+02 3.02000016e-01 0.00000000e+00]
  [2.90329987e+02 2.45809998e+02 1.61000028e-01 0.00000000e+00]
  [2.90329987e+02 2.45809998e+02 1.61000028e-01 0.00000000e+00]
  ...
  [2.89230011e+02 2.48880005e+02 1.92000017e-01 0.00000000e+00]
  [2.88720001e+02 2.48880005e+02 4.75000024e-01 0.00000000e+00]
  [2.89750000e+02 2.48880005e+02 1.35000020e-01 0.00000000e+00]]

 [[2.89309998e+02 2.45809998e+02 2.50000030e-01 0.00000000e+00]
  [2.89309998e+02 2.45550003e+02 1.92000017e-01 0.00000000e+00]
  [2.89309998e+02 2.45550003e+02 1.92000017e-01 0.00000000e+00]
  ...
  [2.89750000e+02 2.49369995e+02 1.42000020e-01 0.00000000e+00]
  [2.88720001e+02 2.49369995e+02 2.63000011e-01 0.00000000e+00]
  [2.89230011e+02 2.49369995e+02 2.50000030e-01 0.00000000e+00]]]
 //info
      //info/block1_values
        Dataset: /info/block1_values
          Shape: (1,)
          Data Type: object
          First 24 elements:
            [128   2  99 ... 116  98  46]
      //info/block1_items
        Dataset: /info/block1_items
          Shape: (3,)
          Data Type: |S8
          First 24 elements:
            b'data_set'
            b'ID'
            b'time'
      //info/block0_values
        Dataset: /info/block0_values
          Shape: (200, 5)
          Data Type: float64
          First 24 elements:
            [ 223.5   12.5   25.     0.  1009. ]
            [ 222.3   12.4   25.     0.  1009. ]
            [ 221.2   12.4   25.     0.  1009. ]
            [ 220.2   12.4   25.     0.  1009. ]
            [ 219.2   12.3   25.     0.  1009. ]
            [ 218.4   12.2   25.     0.  1009. ]
            [ 217.6   12.    25.     0.  1009. ]
            [ 216.9   11.8   25.     0.  1009. ]
            [ 216.3   11.7   25.     0.  1009. ]
            [ 215.9   11.6   25.     0.  1009. ]
            [ 215.5   11.5   25.     0.  1009. ]
            [ 215.3   11.4   25.     0.  1009. ]
            [ 215.1   11.4   25.     0.  1009. ]
            [ 214.9   11.3   25.     0.  1009. ]
            [ 214.8   11.2   25.     0.  1009. ]
            [ 214.7   11.1   25.     0.  1009. ]
            [ 214.6   11.    25.     0.  1009. ]
            [ 214.8   11.    25.     0.  1009. ]
            [ 215.   11.   25.    0. 1009.]
            [ 215.3   11.3   25.     0.  1009. ]
            [ 215.6   11.6   25.     0.  1009. ]
            [ 215.8   11.9   25.     0.  1009. ]
            [ 216.    12.3   25.     0.  1009. ]
            [ 216.1   12.7   25.     0.  1009. ]
      //info/block0_items
        Dataset: /info/block0_items
          Shape: (5,)
          Data Type: |S9
          First 24 elements:
            b'lon'
            b'lat'
            b'Vmax'
            b'R35_4qAVG'
            b'MSLP'
      //info/axis1
        Dataset: /info/axis1
          Shape: (200,)
          Data Type: int64
          First 24 elements:
            0
            1
            2
            3
            4
            5
            6
            7
            8
            9
            10
            11
            12
            13
            14
            15
            16
            17
            18
            19
            20
            21
            22
            23
      //info/axis0
        Dataset: /info/axis0
          Shape: (8,)
          Data Type: |S9
          First 24 elements:
            b'data_set'
            b'ID'
            b'lon'
            b'lat'
            b'time'
            b'Vmax'
            b'R35_4qAVG'
            b'MSLP'
